sample	y	sex	1_10177_A_AC	1_10352_T_TA	1_10616_CCGCCGTTGCAAAGGCGCGCCG_C	1_11008_C_G	1_11012_C_G	1_13110_G_A	1_13116_T_G	1_13118_A_G	1_13273_G_C	1_14464_A_T	1_14599_T_A	1_14604_A_G	1_14930_A_G	1_14933_G_A	1_15211_T_G	1_15274_A_G,T	1_15274_A_G,T.1	1_15820_G_T	1_15903_G_GC	1_16949_A_C	1_18643_G_A	1_18849_C_G	1_30923_G_T	1_49298_T_C	1_49554_A_G	1_50891_T_C	1_51185_T_C	1_51479_T_A	1_52238_T_G	1_52253_C_G	1_54490_G_A	1_54712_T_TTTTC	1_54716_C_T	1_54945_C_A	1_55164_C_A	1_55351_T_A	1_55545_C_T	1_58814_G_A	1_59040_T_C	1_60351_A_G	1_61208_T_C	1_61743_G_C	1_62777_A_T	1_63268_T_C	1_63671_G_A	1_63722_C_T	1_63735_CCTA_C	1_64931_G_A	1_66219_A_T	1_67107_A_G	1_68082_T_C	1_69761_A_T	1_69897_T_C	1_70351_TA_T	1_73836_G_A	1_74790_C_G	1_74792_G_A	1_76838_T_G	1_76854_A_G	1_77726_C_T	1_77866_C_T	1_77874_G_A	1_80401_C_G	1_81260_C_T	1_81587_C_T	1_82133_CAA_C	1_82163_G_A	1_82609_C_G	1_83084_T_A	1_83514_C_T	1_84183_C_G	1_86065_G_C	1_86331_A_G	1_87409_C_T	1_88144_C_A	1_88169_C_T	1_88172_G_A	1_88177_G_C	1_88236_C_T	1_88316_G_A	1_88338_G_A	1_88598_G_T	1_88710_C_G	1_89599_A_T	1_89946_A_T	1_91190_G_A	1_91340_C_G	1_91358_G_T	1_91515_A_C	1_91536_G_T	1_91581_G_A	1_92633_C_T	1_92858_G_T	1_95440_C_G	1_99687_C_T	1_99719_C_T
HG00096	0	0	1	1	2	0	0	0	0	0	0	2	0	0	1	0	1	1	1	1	1	0	0	2	2	2	0	0	0	2	2	0	1	2	1	0	2	0	0	0	0	0	0	0	1	0	0	0	2	0	0	0	0	0	2	0	1	0	0	0	0	0	0	0	0	0	0	2	0	0	2	0	0	0	0	0	0	0	0	0	0	0	0	0	0	0	2	0	0	0	2	2	2	0	2	0	0	0
HG00097	1	1	1	1	2	0	0	1	1	1	0	0	1	1	1	0	1	0	2	1	1	0	0	2	2	2	0	0	0	0	2	0	0	2	0	0	2	0	0	0	0	0	0	0	1	0	0	0	0	0	0	0	0	0	2	0	0	0	0	0	0	0	0	0	0	0	0	2	0	0	2	2	0	0	0	0	0	1	0	0	0	0	0	0	0	0	0	0	0	0	2	2	2	0	0	0	0	0
HG00099	0	1	1	1	2	0	0	0	0	0	0	1	1	1	1	0	1	0	2	1	0	1	1	2	2	0	0	0	0	0	1	1	0	1	1	0	2	0	1	0	0	0	0	0	0	0	0	1	0	0	0	0	0	0	0	0	0	1	1	0	0	1	0	0	0	1	0	2	0	0	2	0	1	0	1	0	2	0	0	0	2	0	0	2	0	0	0	0	0	0	0	0	0	0	0	0	0	2
HG00100	1	0	1	1	2	0	0	0	0	0	0	0	0	0	1	0	1	1	1	0	1	0	0	2	2	2	0	0	0	0	2	0	0	1	1	0	2	0	0	0	0	0	0	0	1	0	0	0	1	0	0	0	0	0	2	0	0	0	0	0	0	0	0	0	0	0	0	2	0	0	2	2	0	0	0	0	0	0	0	0	0	0	0	0	0	0	0	0	1	1	1	1	1	0	0	1	0	0
HG00101	0	0	0	1	2	0	0	0	1	1	0	0	0	0	1	0	1	1	1	0	1	1	0	2	2	2	0	0	1	0	2	0	0	1	1	0	2	0	1	0	0	0	0	0	1	1	0	0	0	0	1	0	1	2	2	1	0	0	0	0	0	0	0	0	0	0	1	2	0	0	2	0	0	0	0	0	0	2	1	1	0	1	0	0	0	0	0	0	0	0	0	0	0	0	0	0	1	0
HG00102	1	1	1	1	2	1	1	0	0	0	0	0	0	0	1	0	2	0	2	1	0	0	0	2	1	2	0	0	0	0	2	0	0	0	1	0	2	0	0	0	0	0	0	0	2	1	0	0	0	0	0	0	0	0	1	0	0	0	0	0	0	0	0	0	0	2	0	2	0	0	2	2	0	0	2	0	0	0	0	0	0	0	0	0	0	0	0	0	0	0	2	2	2	0	0	0	0	0
HG00103	0	1	1	1	2	1	1	0	0	0	0	1	0	0	1	0	2	0	2	1	1	1	0	2	2	2	0	0	0	2	2	0	2	1	0	0	2	0	0	0	0	0	0	0	0	0	0	0	2	0	0	0	0	0	2	0	0	0	0	0	0	0	0	0	0	0	0	2	0	0	2	0	0	0	0	0	0	0	0	0	0	0	0	0	0	0	2	0	0	0	2	2	2	0	2	0	0	0
HG00105	1	0	1	0	2	0	0	0	1	1	0	0	1	1	1	0	2	1	1	0	1	0	0	2	2	2	0	0	0	2	2	0	1	2	1	0	2	0	0	0	0	0	0	0	1	0	0	0	1	0	0	0	0	0	2	0	0	0	0	0	0	0	0	0	0	0	0	2	0	0	2	0	0	0	0	0	0	0	0	0	0	0	0	0	0	0	2	0	0	0	2	2	2	0	2	0	0	0
HG00106	0	0	1	1	2	0	0	0	0	0	1	1	0	0	1	0	1	1	1	0	1	0	0	2	2	2	0	0	0	0	2	0	0	2	1	0	2	0	1	0	0	0	0	0	1	2	0	0	0	0	0	0	0	0	2	0	0	1	1	0	0	0	0	0	0	0	0	2	0	0	2	0	0	0	0	0	0	2	0	0	0	0	0	0	0	0	0	0	0	0	0	0	0	0	0	0	0	0
HG00107	1	1	0	0	2	0	0	0	1	1	0	1	0	0	1	0	1	1	1	1	1	0	0	2	2	2	0	0	0	1	2	0	1	1	1	0	2	0	0	0	0	0	0	0	1	0	0	0	1	0	0	0	0	0	2	0	0	0	0	0	0	0	0	0	1	1	0	2	0	0	2	0	0	0	1	0	0	0	0	0	0	0	0	0	0	0	1	0	0	0	2	2	2	0	1	0	0	0
HG00108	0	1	0	1	2	0	0	1	0	0	1	0	0	0	1	1	1	0	2	0	1	0	0	2	2	2	0	0	0	1	2	0	1	0	0	0	2	1	0	0	0	0	0	0	0	1	1	0	1	0	0	0	0	0	2	0	0	0	0	0	1	0	0	0	0	0	0	2	1	1	2	0	0	1	0	1	0	0	0	0	0	0	0	0	1	1	1	1	0	0	1	1	1	1	1	0	0	0
HG00109	1	0	0	1	2	0	0	0	0	0	0	0	0	0	1	0	2	0	2	0	0	0	0	2	1	2	0	1	0	0	2	0	0	2	2	0	2	0	0	0	0	0	0	0	2	2	0	0	0	0	0	0	0	0	0	0	0	0	0	0	0	0	0	0	0	1	0	2	0	0	2	0	0	0	2	0	0	0	0	0	0	0	0	0	0	0	0	0	0	0	2	2	2	0	0	0	0	0
HG00110	0	0	0	1	2	0	0	0	0	0	1	0	0	0	1	0	1	0	2	0	1	0	0	2	2	1	1	0	0	1	2	0	1	2	0	1	2	0	1	1	1	1	1	1	1	1	1	0	0	1	0	1	0	0	1	0	0	0	0	1	0	0	1	1	0	0	0	2	0	0	2	0	0	0	0	0	0	1	0	0	0	0	1	0	0	0	1	0	0	0	0	0	0	0	1	0	0	0
HG00111	1	1	0	1	2	0	0	0	1	1	0	0	0	0	2	1	2	1	1	0	1	0	0	2	2	2	0	0	0	0	2	0	0	1	2	0	2	0	0	0	0	0	0	0	2	0	0	0	0	0	0	0	0	0	2	0	0	0	0	0	0	0	0	0	0	0	0	2	0	0	2	2	0	0	0	0	0	0	0	0	0	0	0	0	0	0	0	0	0	0	0	0	0	0	0	0	0	0
HG00112	1	0	0	1	2	0	0	0	0	0	0	1	1	1	1	0	1	0	2	0	1	0	0	2	2	2	0	0	0	2	2	0	1	0	1	0	2	0	0	0	0	0	0	0	0	0	0	0	1	0	0	0	0	0	2	0	0	0	0	0	0	0	0	0	0	0	0	2	0	0	2	0	0	0	0	0	0	0	0	0	0	0	0	0	0	0	2	0	0	0	2	2	2	1	2	0	0	0
