sample	y	sex	.	..1	..2	..3	..4	..5	..6	..7	..8	..9	..10	..11	..12	..13	..14	..15	..16	..17	..18	..19	..20	..21	..22	..23	..24
HG00096	0	0	1	1	2	0	0	0	0	0	0	2	0	0	1	0	1	1	1	1	1	0	0	2	2	2	0
HG00097	1	1	1	1	2	0	0	1	1	1	0	0	1	1	1	0	1	0	2	1	1	0	0	2	2	2	0
HG00099	0	1	1	1	2	0	0	0	0	0	0	1	1	1	1	0	1	0	2	1	0	1	1	2	2	0	0
HG00100	1	0	1	1	2	0	0	0	0	0	0	0	0	0	1	0	1	1	1	0	1	0	0	2	2	2	0
HG00101	0	0	0	1	2	0	0	0	1	1	0	0	0	0	1	0	1	1	1	0	1	1	0	2	2	2	0
HG00102	1	1	1	1	2	1	1	0	0	0	0	0	0	0	1	0	2	0	2	1	0	0	0	2	1	2	0
HG00103	0	1	1	1	2	1	1	0	0	0	0	1	0	0	1	0	2	0	2	1	1	1	0	2	2	2	0
HG00105	1	0	1	0	2	0	0	0	1	1	0	0	1	1	1	0	2	1	1	0	1	0	0	2	2	2	0
HG00106	0	0	1	1	2	0	0	0	0	0	1	1	0	0	1	0	1	1	1	0	1	0	0	2	2	2	0
HG00107	1	1	0	0	2	0	0	0	1	1	0	1	0	0	1	0	1	1	1	1	1	0	0	2	2	2	0
HG00108	0	1	0	1	2	0	0	1	0	0	1	0	0	0	1	1	1	0	2	0	1	0	0	2	2	2	0
HG00109	1	0	0	1	2	0	0	0	0	0	0	0	0	0	1	0	2	0	2	0	0	0	0	2	1	2	0
HG00110	0	0	0	1	2	0	0	0	0	0	1	0	0	0	1	0	1	0	2	0	1	0	0	2	2	1	1
HG00111	1	1	0	1	2	0	0	0	1	1	0	0	0	0	2	1	2	1	1	0	1	0	0	2	2	2	0
HG00112	1	0	0	1	2	0	0	0	0	0	0	1	1	1	1	0	1	0	2	0	1	0	0	2	2	2	0
